id,EAP,HPL,MWS
id02310,0.22124256614125334397,0.14845097761389988711,0.63030645624485304168
id24541,0.00002868009441445376,0.03220771101699663325,0.96776360888860946119
id00134,0.10285019822257122912,0.89664942201739439298,0.00050037976004101235
id27757,0.00000591042043846405,0.99145433507420910324,0.00853975450537753852
id04081,0.57342879892199138947,0.06982287555084089326,0.35674832552717300471
id27337,0.00028844954138977148,0.99849264507973933824,0.00121890537885947499
id24265,0.05683630559149976252,0.69023793825240609134,0.25292575615609530493
id25917,0.69644335872280871413,0.30207040410429120136,0.00148623717290279414
id04951,0.95359973995880653597,0.04606947122659903193,0.00033078881460281185
id14549,0.79325158687715724426,0.04969720352863839230,0.15705120959420160176
id22505,0.00000672513083274762,0.50195747133198875822,0.49803580353718618356
id24002,0.99946348920128269544,0.00009782972323794596,0.00043868107548480955
id18982,0.00535474407726991165,0.98578802015079047827,0.00885723577195049808
id15181,0.32823407255656911197,0.66081236796539999379,0.01095355947803141466
id21888,0.78982035013476825647,0.13515637639655303515,0.07502327346867668223
id12035,0.19621020020444088217,0.14892739183581335527,0.65486240795974282047
id17991,0.01267220401293654534,0.07566322790255128328,0.91166456808451190597
id10707,0.38453593363362525981,0.00304082007417478184,0.61242324629220146193
id07101,0.02150151917170986873,0.75743056066020508776,0.22106792016808218815
id00345,0.99970992871728237006,0.00007137178093902768,0.00021869950177563969
id05912,0.32442678557030379949,0.20684440952780122625,0.46872880490189799962
id13443,0.90993025715458097924,0.08306066262519501420,0.00700908022023410005
id09248,0.61089925889522256330,0.38640377006776566171,0.00269697103701176284
id17542,0.68457768614995839762,0.00624398203167505616,0.30917833181836562595
id06995,0.97600138155622295777,0.01702054686295836200,0.00697807158082105854
id25159,0.86045485409307886915,0.09860918749464168964,0.04093595841228033633
id25729,0.72323496522157471045,0.27602334961747548858,0.00074168516094482914
id26949,0.10151085157688893856,0.81067401808859951284,0.08781513033451460171
id27191,0.51675088830939430729,0.46950875320099472177,0.01374035848959953045
id07668,0.17504262603350548289,0.81319865165054494582,0.01175872231592374126
id02230,0.97407315915375369819,0.01928043930076525636,0.00664640154548243670
id15553,0.68803989179429814182,0.07016279434528803483,0.24179731386041208863
id25688,0.88828914852165374860,0.01205320989516682137,0.09965764158317017007
id17545,0.04980246942749083638,0.82068006954421179877,0.12951746102830366536
id13929,0.69118022995709360590,0.11658207918371212009,0.19223769085919739652
id12880,0.74270167181771384879,0.25022218892510544874,0.00707613925718434018
id19282,0.72298340517926551474,0.27231607614762126657,0.00470051867311266098
id14690,0.70192682204514300626,0.04899091775472417393,0.24908226020013077284
id17975,0.02542072671853822310,0.89889250651456209518,0.07568676676689663207
id08037,0.00131247505518792781,0.90185290376232551957,0.09683462118248252481
id15412,0.19159801366978385095,0.40801369067624332354,0.40038829565396688581
id25032,0.19319419635824044978,0.21680565539574725431,0.59000014824601054730
id27165,0.25219982135920987476,0.13579778687035184981,0.61200239177044046812
id03327,0.18063498984884632237,0.73415318126850837022,0.08521182888265937949
id18515,0.00960282670703188276,0.92646997562498834000,0.06392719766798343750
id21003,0.00486659945998305088,0.96003526400878802516,0.03509813653123469712
id23855,0.28047386961478415479,0.23997755872322953929,0.47954857166199066354
id20724,0.61388369968012646005,0.34445511395983963165,0.04166118636003286746
id13303,0.00110347112116400284,0.97808986381871776405,0.02080666506012829320
id16521,0.00033472218079887915,0.98194812394946517919,0.01771715386972529810
id20775,0.89433937845352662332,0.06439447574903581217,0.04126614579743714817
id13029,0.96787405229554790420,0.02897102431253538446,0.00315492339190954303
id14660,0.13779920450016033828,0.44410967429562897557,0.41809112120420433012
id11028,0.66286990985403237975,0.08481140016791650915,0.25231868997805551036
id14180,0.10080209616922644611,0.89888384922443198555,0.00031405460634921560
id25860,0.00124841909885099679,0.69269094915307749538,0.30606063174804526428
id11910,0.17838503591690071937,0.02939553908969797305,0.79221942499339970123
id08065,0.06205874633458286632,0.37927864601165911518,0.55866260765376218878
id22674,0.00208317340580376842,0.00449476947802191114,0.99342205711617681541
id25018,0.98020028396815450655,0.00832533941754094557,0.01147437661429916676
id10892,0.87605564411350644871,0.09948365238479256467,0.02446070350167666232
id10217,0.01669394163480749510,0.95936279680671487924,0.02394326155847062779
id12996,0.46171732139020366104,0.29700120085347581078,0.24128147775632155514
id18262,0.01272350194189486236,0.98554870214456180566,0.00172779591353841729
id08606,0.00199090907452219084,0.97092579207147011733,0.02708329885400314122
id17233,0.27574604041614475536,0.53212366965743740366,0.19213028992641797976
id00101,0.08885141107628173607,0.64234600738018621247,0.26880258154352737465
id12225,0.26855065803550254300,0.07534297421955483964,0.65610636774494202061
id01364,0.20410259529512556065,0.54780109150875944124,0.24809631319612107658
id24973,0.01570090388261728351,0.02516161426015421643,0.95913748185723513018
id25363,0.00260690113967199490,0.99734436232316159288,0.00004873653717116868
id10061,0.00355770824372239787,0.11854347653734131907,0.87789881521892654259
id17673,0.05511214318294676423,0.21409198722548011817,0.73079586959157805115
id13249,0.85642973785698117695,0.02129179127752749839,0.12227847086549335776
id10107,0.97575929170881581243,0.01442098110287640643,0.00981972718829558951
id04403,0.98229795582342926963,0.00018950504375883940,0.01751253913282326338
id25728,0.14302042868642311779,0.83842043447105130127,0.01855913684251996737
id16184,0.00287870992927830981,0.99618548506606419135,0.00093580500465928950
id03438,0.44197582860887424383,0.12788606359317117311,0.43013810779795541572
id22923,0.81119035603596978401,0.03470331863155492330,0.15410632533247733966
id08610,0.26474029124753795106,0.54692855364301484755,0.18833115510945883098
id25355,0.77728424663093731439,0.21307040201826077386,0.00964535135080862339
id16916,0.33289216112462410857,0.22360875311813277477,0.44349908575724261706
id12793,0.00075852158299409686,0.26922067500925178640,0.73002080340776331902
id11859,0.86753407891365175164,0.05755416312835803100,0.07491175795798947490
id02434,0.04941301370952445871,0.81903571970792021784,0.13155126658254606697
id27703,0.06287942278261784979,0.00191131742323746336,0.93520925979413860318
id25212,0.00056537616073440834,0.54765683022304101346,0.45177779361621583920
id11308,0.06030512156311740313,0.20302615167540211116,0.73666872676147998611
id26094,0.42735052619654922967,0.48270366791475349810,0.08994580588869170723
id22080,0.67004893728453662760,0.12532329449985279979,0.20462776821561304286
id03545,0.01239227750803352859,0.97731871778314582944,0.01028900470881861755
id23725,0.98970959045986561797,0.00994153256263898520,0.00034887697748970975
id12009,0.88333777463444262956,0.08548371187356715306,0.03117851349198650160
id24241,0.23859046584072074459,0.17850005605018295918,0.58290947810909554683
id03596,0.00027464382163236531,0.00436903938772993227,0.99535631679065006416
id10749,0.58955645533370715228,0.37700879414814736368,0.03343475051813606796
id22794,0.02592781799968216921,0.96938504712354378601,0.00468713487678429613
id15482,0.04766257263562105606,0.92580469665676667912,0.02653273070760686289
id04833,0.16786624246303832875,0.82330305500338207825,0.00883070253356795475
id00397,0.02376198338159883280,0.97470571903047920070,0.00153229758791554888
id14691,0.00141462755833347918,0.16260225163587763153,0.83598312080580960970
id05193,0.66206351887347814067,0.04392278377616450763,0.29401369735036370079
id19541,0.00641234291917899043,0.93643049272253520154,0.05715716435829876901
id22166,0.02716312930389062560,0.96557713932744004826,0.00725973136866955773
id20744,0.03145966159401628742,0.00246660839460808613,0.96607373001138230340
id10392,0.98397153215266786042,0.00854157803588238666,0.00748688981143488287
id00770,0.00133118015069262304,0.99469110494650636589,0.00397771490281114033
id06018,0.83059494679674517048,0.00786511810313214599,0.16153993510012196189
id15678,0.26023569716925359918,0.36635533798706093611,0.37340896484367369634
id08305,0.77341125894323392576,0.10849182975371811366,0.11809691130304456053
id08903,0.73131219194225505209,0.21519778445335410733,0.05349002360438753073
id14752,0.08438196798824477984,0.91510637872295896855,0.00051165328881040023
id12468,0.39434179536119484677,0.55088071237039459849,0.05477749226840560037
id05085,0.02446753072044723434,0.85251107715832619149,0.12302139212123000545
id21993,0.02778975118767949837,0.95109275694092287878,0.02111749187140115822
id15503,0.57064294957982164558,0.28481278098980788993,0.14454426943036341457
id03021,0.05166026024470547068,0.90581167614365898366,0.04252806361165798604
id16123,0.00508476831277109801,0.99359361344015795225,0.00132161824706268031
id19383,0.00001344751345734816,0.99963784642489217358,0.00034870606163889928
id04186,0.93567218276467956084,0.04880265353051478627,0.01552516370480152078
id17954,0.00462628005636426740,0.05970745820186002667,0.93566626174175471231
id12030,0.53319539551594818949,0.44738418602870116958,0.01942041845535046399
id13020,0.78144419868165060361,0.19996495740131164931,0.01859084391703318129
id25327,0.18918136865678539249,0.80893886726152008926,0.00187976408172234105
id16344,0.98751970856027049273,0.01192851323630286613,0.00055177820342967865
id12303,0.23136450086113985458,0.05645078637349817963,0.71218471276536887693
id15017,0.04518649919704830625,0.95444490283572269718,0.00036859796720277547
id22308,0.34932911558028845178,0.35866934112488901842,0.29200154329481986526
id06536,0.03972209874369603960,0.10898455759303402046,0.85129334366327269468
id19797,0.49590431722477595899,0.06273351783567993056,0.44136216493954372186
id06332,0.22983943332158077166,0.76571998403920094045,0.00444058263923201909
id22941,0.32577309655618280626,0.65277137760100323316,0.02145552584281997660
id13547,0.11090239609601000581,0.76777385037455336825,0.12132375352944080316
id06928,0.00935202391923898799,0.11689987769503877579,0.87374809838572664589
id12521,0.98951856772428903319,0.00229190827344571794,0.00818952400225762996
id25716,0.17379800918352750205,0.26005192010799083047,0.56615007070847878090
id27116,0.01279335065098411925,0.68321332045051363924,0.30399332889849645101
id19941,0.13870093823109402864,0.11286724266531543426,0.74843181910358624886
id05711,0.56264701305094699801,0.43392431518712920591,0.00342867176190998421
id02097,0.03678451297938752779,0.95760489464264963999,0.00561059237795268322
id03563,0.73323016216108194421,0.14523345742640927925,0.12153638041250257318
id02295,0.04673203517695061204,0.83909514513394267698,0.11417281968910418521
id08179,0.00769525192074010239,0.26595417199821935750,0.72635057608109698801
id05332,0.51129420944031889196,0.41091070994884970613,0.07779508061083065251
id15697,0.01060311845855999198,0.83919936193164823557,0.15019751960979002559
id17026,0.79404684651735890633,0.03523417955546748886,0.17071897392717522157
id04243,0.53364722779864659508,0.14083751152780846216,0.32551526067353836469
id13175,0.00922900314335202421,0.99075444549939128969,0.00001655135725226033
id05387,0.16922032807967998802,0.75258181079287500559,0.07819786112745301387
id19989,0.05165010060710595319,0.33700752927292559891,0.61134237011997361044
id25173,0.00031084623192714008,0.99716826123072910271,0.00252089253735482540
id08925,0.02001755546794416196,0.02159326958037848659,0.95838917495167097460
id03034,0.95446016250455500973,0.02249541728729760257,0.02304442020814463643
id13272,0.01935513449758502133,0.16084501832740732974,0.81979984717500387070
id07956,0.16428694907344515430,0.40620253104858322635,0.42951051987797567167
id02648,0.19377035426306954413,0.25291063844412831063,0.55331900729280014684
id01778,0.55101391209692318629,0.15840717945932744626,0.29057890844375561246
id12846,0.00495328128500799065,0.96070654743007144472,0.03434017128492369147
id19001,0.10903038281441033985,0.14549941797378376784,0.74547019921180346369
id05763,0.03010891505703159124,0.53285128154629346486,0.43703980339667364285
id15590,0.60080622750043455316,0.39216850095784505648,0.00702527154171925152
id04912,0.11623023197999399203,0.64548732559135146847,0.23828244242864066171
id21201,0.88758104066876564175,0.02817707434689389542,0.08424188498433858585
id13215,0.23794890790401701519,0.03877953856014995648,0.72327155353583394426
id15612,0.05570086170640897727,0.55318535369146970559,0.39111378460212348207
id18501,0.09634526444864212336,0.54035040791633404123,0.36330432763502396032
id07223,0.23961653305340030462,0.19412034390097596126,0.56626312304562176347
id06707,0.42958042632877346811,0.53697359771191799371,0.03344597595930873246
id05238,0.81581810558156420132,0.18401682657394693998,0.00016506784449501371
id00935,0.00715281443660356273,0.99282743049085464548,0.00001975507253269231
id00110,0.84481865045160842165,0.15504672822265369581,0.00013462132572458202
id17476,0.19451589640217217814,0.79275723505114681355,0.01272686854667476331
id15170,0.00152613464071456751,0.83114647874937264138,0.16732738660991194890
id13397,0.00611484757996561944,0.98464499734636568018,0.00924015507365737523
id24283,0.08352423469776394660,0.01330155638467396886,0.90317420891755839651
id15234,0.68097456029310210468,0.30057795752379806720,0.01844748218309557111
id16884,0.03603274428120629980,0.93841114657887569894,0.02555610913991340077
id07831,0.85355660483819284501,0.05223427831121362636,0.09420911685058772078
id16038,0.42256692118030875216,0.27576888690616868649,0.30166419191352344953
id03629,0.63569825889991737888,0.08066707881358288479,0.28363466228650224821
id21019,0.43816747986817505822,0.37152075083526880928,0.19031176929655757579
id21835,0.10806702345936398946,0.17206582883101928516,0.71986714770961512944
id04480,0.99429120950656280087,0.00034700505542831878,0.00536178543800734046
id20838,0.07261331234208541485,0.90146246083467707066,0.02592422682323481525
id24195,0.22103408824079398554,0.57699097044536673540,0.20197494131384000071
id05448,0.21022115499913610059,0.30207365853940421063,0.48770518646145161190
id15957,0.87161708836453899440,0.10533719399701180208,0.02304571763845033108
id19956,0.90046083381706432114,0.02598248609205956391,0.07355668009087312775
id15104,0.06685814852041936651,0.76866574974403811815,0.16447610173554813584
id17559,0.41070191785360055103,0.32227784072392962056,0.26702024142246350014
id16839,0.01812861889446990005,0.70018312443907915199,0.28168825666644997652
id14493,0.44302782351815045425,0.31806629960594035023,0.23890587687590481014
id08833,0.00992002155895663727,0.31937313226724350912,0.67070684617379838777
id15723,0.29092461351477433285,0.18985858291625257177,0.51921680356897170761
id02716,0.65705925217544725037,0.09548746552968236101,0.24745328229485694105
id06689,0.08153675438477522852,0.91629121121318790610,0.00217203440204869662
id18837,0.05510384535148892676,0.03858321997721427671,0.90631293467129558916
id04466,0.38191602611751396257,0.49917315053257138580,0.11891082334992396363
id00686,0.01385252781185249311,0.98395149888872202038,0.00219597329942622290
id09010,0.04015450391182771861,0.69188220479650797134,0.26796329129166207572
id23353,0.68206633766393598428,0.02230073046667701078,0.29563293186938333079
id00066,0.61431893621752531320,0.31586718230999455415,0.06981388147248246412
id15724,0.48978223679751464736,0.01482424106714738850,0.49539352213533771607
id23486,0.02014984818715421372,0.97018600676712540842,0.00966414504572736706
id22258,0.70036222898783806468,0.24225677130610609455,0.05738099970605514688
id02292,0.56933876093920876560,0.37270401955690618534,0.05795721950388436211
id16356,0.00088096295464260108,0.99910607225357650485,0.00001296479178319478
id00235,0.49206960398149562907,0.50502881595034010420,0.00290158006817486502
id25522,0.28459944164004169487,0.63611576341780085020,0.07928479494217008372
id04204,0.78810519511452670205,0.12649627523101117377,0.08539852965445590693
id22016,0.19920096290357430791,0.38441004345728702063,0.41638899363913889351
id06480,0.45871882062858038154,0.54107009296442487578,0.00021108640702102778
id08718,0.47446165741787732495,0.06282733198519480089,0.46271101059692515411
id05251,0.19102695419733953242,0.69062284913793170471,0.11835019666471968680
id03359,0.06489693598663269503,0.69887918509660307276,0.23622387891676724370
id16117,0.51720507221594391734,0.15852420461351984793,0.32427072317052724193
id17000,0.00753831803532620595,0.01106914723454061750,0.98139253473012966200
id01730,0.33451542351285845633,0.65134891008715412042,0.01413566639997820493
id00630,0.23998330265080028423,0.75083505167567365923,0.00918164567353932197
id18175,0.78963999785881977544,0.19851724229774861397,0.01184275984342742991
id00907,0.37610570727829178983,0.42346597772325506037,0.20042831499845409349
id18251,0.00586966641139321892,0.85462150445680962196,0.13950882913180914779
id25861,0.37563614647510712441,0.49028334591747108062,0.13408050760742240559
id00398,0.02072489452014261366,0.12727980291440468830,0.85199530256545297213
id27573,0.00715544095073166429,0.99162691106661049467,0.00121764798265925223
id10022,0.15114024523016991730,0.02063363130547234831,0.82822612346438351238
id15901,0.01875075328041697284,0.03042531039938512621,0.95082393632018813445
id00451,0.67514280518019131883,0.32336428033361602763,0.00149291448620671630
id23129,0.00479132717399854014,0.01974072257752724699,0.97546795024847976485
id26498,0.59198779123050693229,0.34321304865233803749,0.06479916011716851942
id14741,0.30944584631952953835,0.03229866400498468404,0.65825548967548319634
id18453,0.00779024061967334164,0.96847846722557018317,0.02373129215475618808
id08309,0.02803833685506911672,0.46060823939464906607,0.51135342375028836059
id00320,0.24892229498009366129,0.74359154910669356120,0.00748615591318684687
id07688,0.03339615058799600550,0.01645876023717976824,0.95014508917482431993
id01556,0.00538912169637350939,0.00699375233108961991,0.98761712597252881984
id00178,0.01255208821035658749,0.97568188089934870799,0.01176603089031298850
id18902,0.95373738647177119798,0.01935730704820439255,0.02690530648001648525
id27002,0.48498901558237361709,0.37142886403651265148,0.14358212038111026199
id21418,0.02066054702920583006,0.97907645328153314335,0.00026299968927214650
id23018,0.36175247981280572729,0.41186584529645126063,0.22638167489074151328
id07032,0.12144885296635293814,0.20233487776166528271,0.67621626927199118828
id16195,0.08962876051229531904,0.89523226222130181107,0.01513897726638920721
id11202,0.01644587944423313297,0.58917059250779424406,0.39438352804797860429
id09578,0.38699334638904198114,0.33673790359077832024,0.27626875002018186356
id26984,0.01073020400998462090,0.97733224597383416832,0.01193755001618368623
id19856,0.01364132984945131549,0.00224212350107145944,0.98411654664948844395
id12086,0.29909413460963979459,0.58786649004407709462,0.11303937534628580308
id12052,0.17736145439952630265,0.60123838912934823853,0.22140015647112287756
id17728,0.69907185147356609711,0.29941487505894048837,0.00151327346746554423
id24608,0.45691933608271056988,0.43268202019202983699,0.11039864372525783065
id21097,0.93072956681093432785,0.05481231353781177568,0.01445811965125677785
id20179,0.14009701745528549410,0.83103107254087971167,0.02887191000386044037
id15144,0.57843785986715889891,0.20132847668485920334,0.22023366344798381289
id00206,0.08958527118311482296,0.64187515762721136792,0.26853957118967031192
id22285,0.38165376451448967954,0.42697542309965591523,0.19137081238585346155
id06417,0.20954480673657602252,0.35794363898614867114,0.43251155427727489000
id00215,0.26983182422595591854,0.50695052326373246654,0.22321765251030784016
id04201,0.09153038292371606932,0.76039440442127825825,0.14807521265500245278
id21771,0.09579283368890011141,0.06342354613783304784,0.84078362017326657707
id12451,0.73242762724025123333,0.03375614241893338391,0.23381623034081003287
id14250,0.00960290603489997313,0.84505268558597046447,0.14534440837912734890
id03433,0.02005661228520485423,0.97446132178834532489,0.00548206592645167964
id03303,0.12012806561830192964,0.57558668042972749301,0.30428525395197564274
id25901,0.31691676715368055639,0.57731050694071439633,0.10577272590560235499
id06945,0.00302534656164418206,0.00871673506420646456,0.98825791837415555285
id05664,0.10207641250611458605,0.00722797874358111023,0.89069560875031073000
id05741,0.00004700772476754660,0.04716470016152529005,0.95278829211368532004
id10652,0.11247932642718716512,0.06311306070317754258,0.82440761286963315513
id16300,0.98510180040539208068,0.00494262197086069773,0.00995557762373424325
id12319,0.36146123463530571707,0.18826038123433577742,0.45027838413036458398
id07500,0.00650746350731307415,0.99263899975886593641,0.00085353673382753835
id12478,0.72893549469531115914,0.17583381695864538918,0.09523068834604239696
id03076,0.01864251843413901669,0.98127851000068277987,0.00007897156516601757
id00969,0.15020584975181300313,0.80878812131369970384,0.04100602893448358766
id23636,0.12411129706875645429,0.56521745813063728470,0.31067124480060331893
id09791,0.04607816867031443164,0.75696302014882443920,0.19695881118086200345
id05680,0.85451306676467653212,0.13946133732183924048,0.00602559591349040302
id03672,0.33147625949104758680,0.64169780610261939469,0.02682593440633570039
id04286,0.30054254077902009534,0.63582548327399224242,0.06363197594699816773
id23883,0.00352136606952548710,0.92936836740484418673,0.06711026652563957529
id11914,0.66355934753287848515,0.33118815059711564919,0.00525250187000977486
id20974,0.02344859495107374028,0.97651538217191857782,0.00003602287699557554
id26125,0.30513842184122397239,0.65078549451271217041,0.04407608364607601414
id15543,0.68398793972810034703,0.29984556919499244509,0.01616649107690285025
id19471,0.33566786600032605392,0.59982554819710398597,0.06450658580257506713
id11503,0.19713749631918309202,0.62777016729043810805,0.17509233639038240815
id09321,0.00051799309350437136,0.99654366361557245035,0.00293834329091747842
id25560,0.33214238960559522296,0.39588722079596738723,0.27197038959842395611
id06726,0.26087489070179614714,0.23029712529243329122,0.50882798400577677889
id05709,0.14233770560255637472,0.84410097543706874568,0.01356131896036820439
id09788,0.40134259999049626266,0.54773426634651933842,0.05092313366297790411
id05289,0.05249569864140491565,0.12191004388917256462,0.82559425746942849411
id11815,0.09462313205338697408,0.22588102358944583958,0.67949584435716958719
id22422,0.01731054415652792319,0.98221347716490325919,0.00047597867857502999
id25954,0.03057722985424914108,0.71396079422164993034,0.25546197592409669586
id13601,0.35318951101988121932,0.41105257893098834376,0.23575791004913274063
id05677,0.87157653436855475615,0.12340171074550110308,0.00502175488594262722
id10498,0.00437411561070628462,0.94633584893557454176,0.04929003545372932782
id02665,0.13450727997333489228,0.12429331481276091609,0.74119940521389737764
id10114,0.76826901844220296667,0.21634282136469087932,0.01538816019309321298
id26314,0.48798174451057685364,0.11878587398618004056,0.39323238150325656726
id21240,0.06444902538112989854,0.66935061266318873763,0.26620036195568580473
id15569,0.05984702040481834628,0.36222489696504045487,0.57792808263013806247
id25928,0.02323019290126350153,0.95716225796637000034,0.01960754913236209540
id22706,0.73292919104302411970,0.02179681731363398989,0.24527399164333069104
id20877,0.63574074941830194252,0.36092197346287935300,0.00333727711879562572
id04318,0.06951306589700577410,0.22071578312377262976,0.70977115097922449660
id18299,0.38036687937412128058,0.48450037959257907794,0.13513274103330069620
id08126,0.95645916570819722313,0.03532424344725663967,0.00821659084454236938
id14293,0.00886750961730410972,0.31910437111526762655,0.67202811926742689330
id12759,0.10199060282749917994,0.75367181667855964733,0.14433758049393552447
id11983,0.00002932153737558541,0.99952159292845299543,0.00044908553416990422
id05580,0.66780246210169558196,0.28608811414191664957,0.04610942375639731639
id25846,0.32436472248610981328,0.59655242318992462991,0.07908285432396536252
id01939,0.01852940720161354998,0.10618514935310119363,0.87528544344528491639
id26327,0.27930530219386384694,0.56532854579159774744,0.15536615201453757296
id11068,0.12934530133514335337,0.01308496441386739970,0.85756973425098059760
id08404,0.89437931476431609124,0.00160142225392578765,0.10401926298175520613
id27189,0.30476701134307765395,0.00261755339146617057,0.69261543526544888660
id15119,0.01031799738265276427,0.05938742632149067446,0.93029457629585288192
id26525,0.26357481432943230537,0.52076923105421446536,0.21565595461634748387
id03618,0.64159702755133274366,0.05448318807455584251,0.30391978437411704128
id27220,0.03230838062417967782,0.04423092521331659782,0.92346069416249731976
id18777,0.17607952267297549698,0.27183297098989034346,0.55208750633713565836
id20213,0.10818534499693457929,0.10948639943940045860,0.78232825556366414332
id20403,0.22089139419135625508,0.76372807751962612510,0.01538052828902219255
id03777,0.53973237175703681068,0.43402668711754549546,0.02624094112542339069
id10595,0.06266695624643299489,0.03568499015435776245,0.90164805359921140759
id13816,0.00311326235640620218,0.99624036369949575676,0.00064637394409703438
id05667,0.94435151044816934007,0.01656358360112968400,0.03908490595069117474
id24629,0.61045406679517166815,0.23636021756562966556,0.15318571563920127532
id20398,0.99128471993822087072,0.00113006479094672832,0.00758521527083919934
id14108,0.39755678356576817922,0.59954972040099796526,0.00289349603323186535
id06196,0.39546281852558784475,0.00647398523117573548,0.59806319624325054995
id02800,0.21765252165555243336,0.71119230096626295801,0.07115517737818305433
id18732,0.20172694383111375305,0.55040035536166198593,0.24787270080721038323
id11915,0.97864158530646971901,0.00294454615858164449,0.01841386853494292319
id09739,0.02796202736898445451,0.36134979756781709925,0.61068817506319750255
id24672,0.60696730224261408182,0.36389432279012806637,0.02913837496725304316
id00414,0.93480471453436619900,0.05034860094627338634,0.01484668451935244188
id16307,0.00993956194264361721,0.95062554148694455858,0.03943489657041963220
id14043,0.12047787945529740694,0.74219501983236735310,0.13732710071233958371
id00517,0.30986727385745788110,0.04333414913357298143,0.64679857700898013562
id09744,0.59159979641613991141,0.04172290398945218554,0.36667729959440609200
id19257,0.47923943389227824374,0.51505992521140775420,0.00570064089631066705
id15437,0.00505618682625309269,0.99435454301354153639,0.00058927016019264032
id16352,0.65359015675928910927,0.02836752609784393836,0.31804231714286601562
id18849,0.70423549210306823909,0.23624234356590170791,0.05952216433103112853
id19434,0.00523732420474140852,0.09288440790016123938,0.90187826789509906167
id17928,0.45600247854391778857,0.49667155932030321308,0.04732596213578996180
id16896,0.70581268903496152678,0.05630326842768334367,0.23788404253735459526
id02135,0.27202583810071667703,0.61955893619151936047,0.10841522570776078449
id15075,0.00074088047060387084,0.99910123069684275698,0.00015788883254917260
id27486,0.01227687560067322256,0.97596011153818273964,0.01176301286114908758
id19422,0.05421051615780757976,0.91947942115548664255,0.02631006268670910836
id09603,0.02486465181305844152,0.88802007870238186538,0.08711526948456510544
id02133,0.99391614654717197475,0.00373466926681274587,0.00234918418601530715
id03441,0.31334429120520140843,0.07654989455481381322,0.61010581423997456429
id02398,0.23765411578488584987,0.69074407258897985162,0.07160181162614533135
id05152,0.97638169690964959901,0.01409910958563275786,0.00951919350473079927
id17838,0.64422328499057845974,0.33529927799674713595,0.02047743701267169467
id25060,0.06508425492653358013,0.01062138218128382862,0.92429436289219424339
id09998,0.57128811171540472280,0.42197265267898498298,0.00673923560560708845
id01828,0.05131609339763270466,0.93820774725774314096,0.01047615934462797771
id25377,0.62493925391303795092,0.04797499994162857107,0.32708574614533819647
id22175,0.28669469027524357996,0.70259370842833568371,0.01071160129641521817
id02974,0.14801494408733384400,0.71729200878190746415,0.13469304713076216129
id26955,0.28753292763625037942,0.39539658987526171696,0.31707048248849012406
id21091,0.92301998266645124414,0.05585286839898106342,0.02112714893455707940
id12802,0.00021701552447306229,0.97666573518555899192,0.02311724928995949335
id07432,0.00012913785477939484,0.79759851298342798742,0.20227234916178815638
id18749,0.97718943277449510365,0.00178104543572458899,0.02102952178977046324
id15030,0.87956671186936741247,0.00164675042641967148,0.11878653770421307434
id17155,0.54283616910468956984,0.05878527774589694527,0.39837855314941233997
id08128,0.99305844681081778536,0.00474162992492975586,0.00219992326425704843
id25706,0.99716216216986597320,0.00240942727117367987,0.00042841055894730565
id15645,0.09717499289421410724,0.54902323985010370588,0.35380176725567524798
id04943,0.30582475546651560760,0.55688693764162178201,0.13728830689186508063
id27566,0.96682831503376653881,0.02371578002371497323,0.00945590494251571760
id11765,0.33738556540910791259,0.35130461027549597652,0.31130982431539405697
id13783,0.07784510102030463286,0.61848622691752730418,0.30366867206216374697
id00492,0.03145874029706800801,0.96804710847395514239,0.00049415122897595242
id27636,0.74568544147671256273,0.00848013419482805154,0.24583442432846544512
id04273,0.00370029154508127230,0.99054423592613272120,0.00575547252879009697
id02537,0.91755062596392689134,0.02603900683863888052,0.05641036719743378058
id24349,0.08361981195151726998,0.91077536518324619941,0.00560482286524216153
id00023,0.02951758475618388236,0.44564633367959322063,0.52483608156423244839
id23025,0.99995864744608020658,0.00001413199143453847,0.00002722056248576376
id08722,0.03561747638640867797,0.89043370062636217899,0.07394882298722203762
id02420,0.05832240702093299811,0.91464203443114378000,0.02703555854794184587
id10811,0.23266129898311518898,0.26609752269078368325,0.50124117832610515233
id04019,0.00709037368910564805,0.53554502471374110240,0.45736460159713948626
id18334,0.12419949676282904250,0.84580800807632461336,0.02999249516084362063
id16781,0.40201748368145906465,0.38789862287810938923,0.21008389344043074121
id08773,0.21018670688216933851,0.05325256904378142253,0.73656072407405315250
id19214,0.77136983458261554336,0.01276921972444327452,0.21586094569292979539
id09589,0.03635691923352984273,0.35818197639008764188,0.60546110437638289703
id24246,0.00005083775687773018,0.99980241985828943729,0.00014674238483697560
id23577,0.13869839236498818225,0.02140399575797487242,0.83989761187703471101
id09305,0.49762469726928254543,0.32475189605391191483,0.17762340667680359685
id16460,0.76240632333521385355,0.20709011316206454856,0.03050356350272257280
id21115,0.14107304996426739407,0.56603180252730989075,0.29289514750842848834
id25996,0.02958953019463497411,0.46344593844074277733,0.50696453136462549249
id02551,0.85885019665617579054,0.13114038695245561206,0.01000941639136694768
id19352,0.00871140215717717062,0.98984466544718452408,0.00144393239564360272
id03806,0.05094871935241376132,0.91955543834868980202,0.02949584229890439904
id26544,0.26166872678935998442,0.15112413172883318313,0.58720714148181074599
id18761,0.00244432729006663655,0.99721839829321423654,0.00033727441672311346
id24148,0.06076873618093354967,0.62805907604136712585,0.31117218777770710991
id16095,0.01383484841226672452,0.98449000258436902833,0.00167514900336658383
id18442,0.04118024840553696775,0.83398189861294513836,0.12483785298152294541
id22596,0.00177664282124736714,0.97644582493175935412,0.02177753224700398546
id23002,0.40677950028414294747,0.22799994229993653105,0.36522055741592052147
id04797,0.01888195809429389638,0.96546942960792969668,0.01564861229777677817
id06610,0.03721623459565282649,0.90474237435350668424,0.05804139105085131395
id16173,0.37196826800701132676,0.23926982410977368221,0.38876190788321390857
id18292,0.63777415470942155906,0.35896962405477778058,0.00325622123581085100
id27328,0.17085475506346745056,0.79099138575123584260,0.03815385918529436149
id01695,0.03274769413466833284,0.85869238499262767750,0.10855992087271261470
id05761,0.08835174743481674642,0.09676050643364950132,0.81488774613153491799
id16354,0.01224686878436665946,0.01338044968129802580,0.97437268153434497542
id12207,0.00277633016599130016,0.00013548237106571906,0.99708818746294758384
id05665,0.00157830418737059342,0.99720939408753839217,0.00121230172509313077
id01911,0.09373754945187647014,0.86619480715902019696,0.04006764338909878792
id19153,0.13061710401053158725,0.86868970871629092034,0.00069318727319020131
id10295,0.97058037987697787230,0.01462645723573511962,0.01479316288729553425
id23038,0.67314707076910429429,0.10218636693413904459,0.22466656229675499579
id23783,0.36085528437128294721,0.63362630157578170298,0.00551841405293216573
id27879,0.00860397013569222727,0.96028898102444171236,0.03110704883985832697
id19190,0.66265749465687007191,0.26377313679805619584,0.07356936854507074852
id05065,0.00358876567656243699,0.85962195318641509978,0.13678928113701896430
id21296,0.01052561616947913364,0.91002957596299538512,0.07944480786751352552
id13262,0.67993108774607824429,0.30964862200008463899,0.01042029025383955400
id10333,0.08205346417677672477,0.53070698934975979455,0.38723954647346736646
id16677,0.49865352651138389328,0.04592072957288666907,0.45542574391572682169
id01392,0.02112213779542123152,0.95535564733919076108,0.02352221486538811496
id27874,0.69883539481697887208,0.14493890127945491253,0.15622570390356693704
id02294,0.33459178191111610401,0.56322647316555374264,0.10218174492333065295
id18298,0.85094825915529126448,0.00182387086855722246,0.14722786997614542570
id06997,0.00174797752495492453,0.00471767688643857670,0.99353434558862030457
id05243,0.06769570190078728900,0.91163055379945212575,0.02067374429976178915
id00860,0.00994823518720029144,0.90179499209563118711,0.08825677271716651784
id26681,0.44671053005894900689,0.46509099145252136287,0.08819847848854008021
id06020,0.07060905492520384852,0.92386954214290439857,0.00552140293186392881
id27683,0.90253287770559920133,0.00722545379742034217,0.09024166849698106452
id17655,0.00003335984070778827,0.99993903591627375516,0.00002760424303359973
id08817,0.44236587969458557312,0.55527869408790808681,0.00235542621751559525
id11512,0.37782287620916360504,0.51887397624659947759,0.10330314754422272039
id00478,0.94159884299439511324,0.02719143432100238830,0.03120972268460760549
id02116,0.03192848201397209540,0.03248439474214980666,0.93558712324388160209
id06746,0.99716174959542325240,0.00064500716069367588,0.00219324324388351201
id03863,0.22638704088667621628,0.65530897258418241424,0.11830398652914166091
id01802,0.50438528651461689289,0.00042126462562873585,0.49519344885975186132
id11682,0.04708328630097340095,0.86153501577135227496,0.09138169792766905053
id04033,0.42928986510152933320,0.34088343676673732441,0.22982669813172940110
id09286,0.35890421017508639112,0.19172491965090188160,0.44937087017401194933
id12904,0.21567355115352593309,0.77967954222534496811,0.00464690662112446969
id07420,0.48293140743327195308,0.34698104752135472406,0.17008754504537867969
id22398,0.98465625483581409316,0.01526691093125990412,0.00007683423294131925
id00424,0.20397722870831727637,0.32767665613587609874,0.46834611515579405161
id20960,0.84001229603944127522,0.06000681666760054184,0.09998088729295771804
id10267,0.22182077062218100161,0.14476113472461360487,0.63341809465320464412
id19330,0.00210406346904513453,0.13820648771419524747,0.85968944881676867542
id00994,0.02217448821498355441,0.01125143293922545654,0.96657407884580037738
id10785,0.05829936509396782540,0.86195737098483771188,0.07974326392119612805
id00955,0.75707265253865974053,0.05834665127932144729,0.18458069618201694562
id09757,0.06248610574824742248,0.84003856345406768824,0.09747533079768594400
id10030,0.11949686518227169152,0.58855578028440780347,0.29194735453331926989
id22952,0.08275730311925931504,0.57066295506545450245,0.34657974181528866664
id21955,0.00024640584084222511,0.99731398920794966934,0.00243960495120884276
id07674,0.00209695925954082873,0.01048475851168478509,0.98741828222877248145
id13760,0.26181300140479973892,0.69713625575971072124,0.04105074283550021186
id18166,0.05361734793448485331,0.06384689748375413365,0.88253575458176658497
id23498,0.00960878014681439650,0.73436324995700030804,0.25602796989618109569
id05296,0.06380980233934407941,0.09544166808381621125,0.84074852957683976484
id26709,0.02055338454302331821,0.23420278777004563397,0.74524382768692898349
id02853,0.86902366816475784539,0.09559920897993078037,0.03537712285531680739
id06800,0.32805304648114080868,0.12449934953769783985,0.54744760398115788202
id14758,0.00840387830423350822,0.19776411918610986573,0.79383200250965202383
id12356,0.46895435194903789533,0.49640203954737560643,0.03464360850358542271
id21492,0.10903643176729703457,0.07187121439888741192,0.81909235383381218121
id27540,0.17280196000262537659,0.00047113090164077717,0.82672690909571855400
id07376,0.03147633885451794206,0.96635479065516072250,0.00216887049030924789
id15201,0.00007921825933964888,0.99706487939099175399,0.00285590234967840733
id23388,0.12285009943614418060,0.79536762691160234340,0.08178227365223939005
id13923,0.56419495668749142236,0.02010456857655899821,0.41570047473595939103
id00794,0.09730713628398118820,0.40308628318530381751,0.49960658053070861051
id23910,0.02057672611104645333,0.97887121211949423838,0.00055206176946436415
id02556,0.35990952378795526556,0.51698725802020906173,0.12310321819183692171
id22151,0.00485349129074877806,0.43351592169108343899,0.56163058701817092366
id11698,0.65670152881887777774,0.22153304251072095110,0.12176542867039955031
id11627,0.18595793431914436900,0.69908745920223258619,0.11495460647861734105
id06340,0.71748458237158518891,0.05599254167717578751,0.22652287595124345754
id05123,0.71909808253709839310,0.13449725200266601788,0.14640466546023589434
id26620,0.00092640021613800427,0.03446517152531606426,0.96460842825853698734
id04002,0.32509859056868067873,0.66343872091715305750,0.01146268851417016170
id26554,0.56195592247751724457,0.31144806181549022916,0.12659601570697856521
id18012,0.00876071006118614264,0.01192202380242406330,0.97931726613639380474
id12964,0.23884493087733016381,0.36257597792268742021,0.39857909119998535807
id18965,0.00494558555637440462,0.93203328813812347242,0.06302112630550915640
id19082,0.96058495369640783945,0.02448827588694212770,0.01492677041663826969
id26742,0.50564152285982977286,0.47123466993276569292,0.02312380720741073412
id15442,0.09299249150007507514,0.58120097728536868065,0.32580653121455571686
id16647,0.45861873622323784394,0.37130732740892863353,0.17007393636783094126
id11544,0.41852444304306346545,0.10899034758550435464,0.47248520937143906329
id20581,0.20058859717204524653,0.76361210451565431079,0.03579929831229785447
id13192,0.39496622690357424679,0.29200892691586388672,0.31302484618055775867
id15814,0.00223536286313598658,0.00074008182025131779,0.99702455531661071664
id26279,0.95464117945321425029,0.01594263297036720844,0.02941618757642441503
id00240,0.24270265676788255194,0.11879155374804539758,0.63850578948407255009
id22836,0.80413558558639064433,0.19577486187165915599,0.00008955254194670859
id15085,0.08002709645978643704,0.01637667559500173911,0.90359622794522398426
id17495,0.03591352653858190247,0.06717123500207466957,0.89691523845934206793
id26762,0.75098266995477547248,0.21991890977172892652,0.02909842027348670881
id13685,0.86117167432517138792,0.12472764414763620744,0.01410068152720039131
id16560,0.05710369323306709738,0.91003360454615422892,0.03286270222077949943
id17184,0.77106108686110774730,0.06615813745379225952,0.16278077568510460060
